E(w): 6.161955662016196
Enew: 6.161955655477574
epsilon: 0.00000001

dE(w)/dw(3,1) = -0.653862237
                -0.657402846306003
